version https://git-lfs.github.com/spec/v1
oid sha256:0a8ad176591beea439caacc6e11a183539af8176472eadc1303edbb3d3e414ac
size 1440
